0.000000 0.051359 0.240294 0.234407 0.433813 0.449300 0.647941 0.639504 0.599576 0.628921 0.691680 0.695713 0.651111 0.854816 0.893585 0.746950 0.774924 0.871225 0.867418 0.731756 0.853708 1.105599 1.004687 0.800649 0.872060 1.015867 0.826595 0.794900 0.691041 0.633582 0.558196 0.514385 0.472020 0.557286 0.928773 1.058374 1.210047 1.334972 1.359394 1.749651 1.561139 1.452310 1.057715 1.187815 0.992645 0.710607 0.568588 0.503012 0.443627 0.406844 0.442695 0.463369 0.502914 0.478070 0.600090 0.566197 0.512524 0.411990 0.333461 0.359190 0.308400 0.275630 0.482897 0.617386 
0.051359 0.000000 0.049470 0.224753 0.393663 0.403220 0.532873 0.534599 0.548230 0.540214 0.544633 0.525616 0.470923 0.640295 0.685153 0.564134 0.553736 0.550036 0.580778 0.479460 0.532666 0.644210 0.555762 0.609115 0.579263 0.814337 0.721038 0.627912 0.565700 0.517333 0.458675 0.420276 0.433853 0.551997 0.895116 0.986961 1.165288 1.391275 1.309097 1.764206 1.455335 1.318529 0.832301 0.996063 0.809121 0.549027 0.466357 0.414015 0.393369 0.393040 0.440029 0.484749 0.493741 0.412121 0.467755 0.488027 0.475497 0.403308 0.341220 0.368093 0.285517 0.199779 0.360088 0.405354 
0.240294 0.049470 0.000000 0.054491 0.173443 0.151962 0.244757 0.330213 0.349402 0.322805 0.357926 0.392698 0.371343 0.508784 0.578734 0.497110 0.540080 0.564956 0.565507 0.530734 0.584794 0.672559 0.661330 0.623354 0.607423 0.747569 0.556675 0.413881 0.369324 0.323921 0.317888 0.319736 0.352659 0.498265 0.889107 0.990814 1.158090 1.358482 1.320589 1.770220 1.484463 1.316466 0.703918 0.725176 0.521251 0.300873 0.307895 0.267167 0.283581 0.321158 0.356992 0.396325 0.458854 0.303617 0.403275 0.376223 0.359601 0.263909 0.221984 0.225596 0.162035 0.136017 0.205016 0.261549 
0.234407 0.224753 0.054491 0.000000 0.048747 0.157774 0.159229 0.195468 0.340791 0.306246 0.271435 0.318860 0.305820 0.431783 0.547211 0.448465 0.414610 0.340713 0.403881 0.368780 0.412582 0.441663 0.404927 0.433589 0.424020 0.567839 0.539494 0.401052 0.428963 0.387767 0.338533 0.321933 0.383224 0.522197 0.861355 0.929565 1.155415 1.485122 1.370120 1.865456 1.486330 1.215999 0.634752 0.667460 0.502627 0.299685 0.335692 0.357307 0.336677 0.329714 0.369182 0.433285 0.448959 0.331363 0.375277 0.328832 0.338274 0.276897 0.236742 0.244816 0.154826 0.166971 0.191741 0.256488 
0.433813 0.393663 0.173443 0.048747 0.000000 0.060453 0.172657 0.200222 0.346016 0.310254 0.270822 0.313199 0.280484 0.419337 0.560984 0.388032 0.389486 0.339388 0.411637 0.355691 0.380821 0.422821 0.422880 0.380046 0.381969 0.490823 0.621128 0.402926 0.438976 0.384187 0.335174 0.323898 0.364429 0.485372 0.766895 0.781852 1.023863 1.442194 1.237263 1.686964 1.282112 1.033210 0.537042 0.644958 0.529836 0.286049 0.318629 0.363286 0.336527 0.317846 0.403264 0.495579 0.461923 0.372371 0.379197 0.336367 0.333289 0.258830 0.222662 0.244410 0.184612 0.200023 0.180907 0.275014 
0.449300 0.403220 0.151962 0.157774 0.060453 0.000000 0.054824 0.210198 0.484228 0.467260 0.404031 0.460626 0.410097 0.472938 0.617742 0.421379 0.413344 0.380396 0.405745 0.344095 0.359457 0.426921 0.467325 0.382388 0.375158 0.468058 0.589894 0.372121 0.444902 0.426415 0.427495 0.445945 0.498113 0.598275 0.834449 0.878824 1.227240 1.692129 1.446243 1.943006 1.464012 1.106542 0.580773 0.638014 0.508788 0.289282 0.326681 0.413507 0.433333 0.450714 0.530272 0.608416 0.591066 0.559339 0.563817 0.520617 0.499917 0.451839 0.372249 0.289351 0.299889 0.248892 0.221397 0.363189 
0.647941 0.532873 0.244757 0.159229 0.172657 0.054824 0.000000 0.048528 0.214875 0.293286 0.308905 0.349807 0.290530 0.430913 0.590656 0.344436 0.401371 0.452213 0.424769 0.336839 0.367588 0.499338 0.617218 0.449324 0.451578 0.515195 0.702496 0.421576 0.404563 0.326998 0.278952 0.294158 0.376975 0.514236 0.736469 0.716616 1.043939 1.538273 1.254323 1.740515 1.278852 0.979649 0.486951 0.591276 0.538258 0.275810 0.282284 0.306622 0.272493 0.291605 0.424369 0.630383 0.555638 0.428207 0.441671 0.358901 0.253314 0.335281 0.303815 0.291406 0.229224 0.219661 0.205422 0.328200 
0.639504 0.534599 0.330213 0.195468 0.200222 0.210198 0.048528 0.000000 0.054060 0.157529 0.216712 0.311076 0.272448 0.385279 0.545489 0.348946 0.390995 0.336233 0.240062 0.280201 0.264659 0.354448 0.513753 0.343557 0.377508 0.425115 0.667603 0.394709 0.375735 0.331672 0.304753 0.324113 0.392334 0.467106 0.633494 0.622071 0.854830 1.334770 1.031770 1.408635 1.045025 0.794255 0.426467 0.538624 0.516285 0.309614 0.312860 0.321512 0.295633 0.318357 0.465024 0.651683 0.507425 0.373478 0.414986 0.302129 0.239196 0.298330 0.339494 0.365928 0.295572 0.272340 0.266137 0.399531 
0.599576 0.548230 0.349402 0.340791 0.346016 0.484228 0.214875 0.054060 0.000000 0.046612 0.152718 0.234036 0.261371 0.318022 0.464702 0.377028 0.434956 0.344211 0.232551 0.315558 0.289943 0.347236 0.495508 0.357116 0.373796 0.408877 0.609530 0.366732 0.358684 0.287359 0.244346 0.261047 0.352482 0.467442 0.648771 0.633400 0.928079 1.424631 1.115647 1.475073 1.090063 0.779744 0.460984 0.524023 0.462435 0.312934 0.304393 0.292885 0.239354 0.224317 0.389452 0.643911 0.556054 0.371734 0.353360 0.282055 0.198438 0.286224 0.252133 0.198986 0.245603 0.261681 0.271356 0.435986 
0.628921 0.540214 0.322805 0.306246 0.310254 0.467260 0.293286 0.157529 0.046612 0.000000 0.051426 0.164591 0.228687 0.233902 0.381640 0.359451 0.398127 0.384725 0.278991 0.293465 0.279505 0.379951 0.504775 0.313927 0.391600 0.391082 0.620030 0.349317 0.342727 0.275054 0.252560 0.303746 0.419468 0.503942 0.613394 0.580124 0.812703 1.296896 0.976876 1.281706 0.938176 0.667278 0.412605 0.508854 0.462784 0.304248 0.297463 0.274425 0.249681 0.261033 0.399936 0.757281 0.684380 0.421813 0.420241 0.413387 0.213168 0.251742 0.292293 0.214035 0.252630 0.263180 0.270065 0.431056 
0.691680 0.544633 0.357926 0.271435 0.270822 0.404031 0.308905 0.216712 0.152718 0.051426 0.000000 0.049812 0.209494 0.250852 0.382991 0.394986 0.391322 0.411519 0.317079 0.297542 0.299869 0.410339 0.501562 0.304135 0.422676 0.424751 0.660362 0.386431 0.369658 0.302726 0.271585 0.278427 0.387929 0.458257 0.543241 0.530692 0.684692 1.166937 0.840180 1.120466 0.829673 0.612050 0.362113 0.490309 0.501717 0.298353 0.288205 0.258886 0.249720 0.250679 0.392995 0.680831 0.512144 0.351270 0.378956 0.246377 0.164406 0.224884 0.264907 0.243187 0.253860 0.247785 0.288880 0.366741 
0.695713 0.525616 0.392698 0.318860 0.313199 0.460626 0.349807 0.311076 0.234036 0.164591 0.049812 0.000000 0.055128 0.232929 0.266552 0.197455 0.230463 0.385964 0.344156 0.233017 0.259220 0.367179 0.441096 0.245686 0.395013 0.427386 0.629863 0.411253 0.383909 0.324627 0.280677 0.304039 0.398160 0.473332 0.489669 0.538666 0.577183 0.963689 0.672577 0.838586 0.695824 0.479174 0.347970 0.429663 0.485579 0.342674 0.330230 0.288218 0.303509 0.312618 0.378241 0.578184 0.430238 0.365922 0.463431 0.270751 0.259940 0.263457 0.293053 0.298320 0.284437 0.283795 0.307335 0.397249 
0.651111 0.470923 0.371343 0.305820 0.280484 0.410097 0.290530 0.272448 0.261371 0.228687 0.209494 0.055128 0.000000 0.047038 0.172901 0.217034 0.270790 0.324391 0.267478 0.252481 0.295266 0.314690 0.402187 0.314169 0.435124 0.450511 0.607061 0.400886 0.380882 0.341039 0.286772 0.296971 0.392281 0.498598 0.512411 0.602114 0.573905 0.835610 0.609848 0.706582 0.686141 0.438682 0.358417 0.421058 0.474478 0.342160 0.334700 0.291302 0.315667 0.353082 0.255396 0.331291 0.537749 0.313341 0.304929 0.397348 0.287169 0.330610 0.338164 0.342729 0.321415 0.306042 0.333223 0.387196 
0.854816 0.640295 0.508784 0.431783 0.419337 0.472938 0.430913 0.385279 0.318022 0.233902 0.250852 0.232929 0.047038 0.000000 0.044824 0.226337 0.381346 0.622583 0.459182 0.423287 0.518194 0.532668 0.570753 0.488619 0.613230 0.609569 0.645172 0.527721 0.482598 0.510633 0.422036 0.398680 0.479790 0.521983 0.533915 0.658445 0.607507 0.808929 0.624189 0.724842 0.759181 0.537715 0.484059 0.523335 0.541350 0.455953 0.410173 0.390188 0.370326 0.365847 0.298350 0.419207 0.676517 0.499862 0.543297 0.369643 0.290079 0.317578 0.346326 0.403968 0.412750 0.402407 0.457807 0.478758 
0.893585 0.685153 0.578734 0.547211 0.560984 0.617742 0.590656 0.545489 0.464702 0.381640 0.382991 0.266552 0.172901 0.044824 0.000000 0.051536 0.171896 0.448815 0.493838 0.372933 0.367230 0.460994 0.570783 0.370742 0.458029 0.474076 0.649836 0.464287 0.431730 0.432144 0.339242 0.317071 0.395698 0.497754 0.547552 0.593330 0.602623 0.986499 0.734940 0.918032 0.783551 0.643860 0.469516 0.545761 0.535413 0.407109 0.369468 0.357432 0.360004 0.361823 0.321607 0.486393 0.461136 0.405240 0.517540 0.345650 0.372222 0.362796 0.436669 0.520267 0.504087 0.474526 0.468854 0.480722 
0.746950 0.564134 0.497110 0.448465 0.388032 0.421379 0.344436 0.348946 0.377028 0.359451 0.394986 0.197455 0.217034 0.226337 0.051536 0.000000 0.049864 0.124376 0.211013 0.273276 0.232628 0.280889 0.439268 0.301350 0.369893 0.479669 0.710353 0.555132 0.555990 0.532285 0.444197 0.441833 0.462678 0.524981 0.609936 0.656493 0.711134 1.097812 0.885740 1.080088 0.892979 0.754910 0.565223 0.601947 0.627552 0.512899 0.492436 0.504846 0.491784 0.461089 0.403389 0.486960 0.436976 0.330230 0.365857 0.363553 0.396588 0.363538 0.417824 0.487206 0.524131 0.492645 0.518290 0.578163 
0.774924 0.553736 0.540080 0.414610 0.389486 0.413344 0.401371 0.390995 0.434956 0.398127 0.391322 0.230463 0.270790 0.381346 0.171896 0.049864 0.000000 0.052168 0.148247 0.214144 0.238591 0.284604 0.337293 0.275543 0.375197 0.414137 0.625708 0.453231 0.451692 0.526699 0.482493 0.478792 0.491557 0.543184 0.613889 0.691514 0.657174 0.868086 0.646812 0.765992 0.744266 0.554892 0.440462 0.460137 0.471501 0.394823 0.367078 0.448966 0.475135 0.453090 0.415565 0.451295 0.629544 0.418243 0.412663 0.490056 0.459027 0.438317 0.456616 0.505110 0.506054 0.421073 0.408897 0.441284 
0.871225 0.550036 0.564956 0.340713 0.339388 0.380396 0.452213 0.336233 0.344211 0.384725 0.411519 0.385964 0.324391 0.622583 0.448815 0.124376 0.052168 0.000000 0.049402 0.167876 0.291914 0.405080 0.387116 0.289126 0.365440 0.427520 0.713170 0.566640 0.514230 0.559617 0.495136 0.470785 0.471624 0.497176 0.573502 0.641989 0.619080 0.881384 0.644566 0.805145 0.771893 0.626439 0.519937 0.512171 0.563639 0.490504 0.385351 0.414086 0.415734 0.399550 0.393958 0.456285 0.530201 0.431762 0.433693 0.488006 0.415708 0.366479 0.355759 0.394160 0.404554 0.353541 0.403425 0.446362 
0.867418 0.580778 0.565507 0.403881 0.411637 0.405745 0.424769 0.240062 0.232551 0.278991 0.317079 0.344156 0.267478 0.459182 0.493838 0.211013 0.148247 0.049402 0.000000 0.048980 0.171179 0.306477 0.506456 0.264581 0.325715 0.349430 0.654050 0.400471 0.427545 0.440339 0.381231 0.367079 0.393842 0.446646 0.580761 0.587322 0.636219 1.012538 0.752689 1.033541 0.805137 0.717993 0.427668 0.519267 0.509680 0.346423 0.312475 0.344911 0.367029 0.367090 0.413830 0.530324 0.509476 0.382037 0.425919 0.349786 0.353055 0.306630 0.351388 0.407845 0.413178 0.385847 0.364868 0.383189 
0.731756 0.479460 0.530734 0.368780 0.355691 0.344095 0.336839 0.280201 0.315558 0.293465 0.297542 0.233017 0.252481 0.423287 0.372933 0.273276 0.214144 0.167876 0.048980 0.000000 0.054582 0.140182 0.304009 0.212479 0.339841 0.397482 0.676080 0.388548 0.409169 0.403733 0.352176 0.344317 0.342800 0.412019 0.605648 0.623047 0.638310 0.926309 0.697085 0.947815 0.774372 0.694400 0.423461 0.504264 0.522321 0.351045 0.307932 0.331560 0.332912 0.325046 0.383000 0.463406 0.564160 0.359608 0.384328 0.353676 0.346253 0.282719 0.317015 0.370083 0.386933 0.363627 0.345076 0.361081 
0.853708 0.532666 0.584794 0.412582 0.380821 0.359457 0.367588 0.264659 0.289943 0.279505 0.299869 0.259220 0.295266 0.518194 0.367230 0.232628 0.238591 0.291914 0.171179 0.054582 0.000000 0.054110 0.181908 0.232429 0.258979 0.350177 0.650906 0.427885 0.482283 0.494049 0.439317 0.422239 0.399342 0.434544 0.611051 0.671156 0.628534 0.767029 0.590297 0.711347 0.647597 0.588359 0.482912 0.504245 0.524081 0.401812 0.362676 0.389225 0.371046 0.349934 0.389524 0.441502 0.604169 0.406864 0.417782 0.445104 0.380359 0.306799 0.323803 0.371224 0.396949 0.400009 0.380005 0.393065 
1.105599 0.644210 0.672559 0.441663 0.422821 0.426921 0.499338 0.354448 0.347236 0.379951 0.410339 0.367179 0.314690 0.532668 0.460994 0.280889 0.284604 0.405080 0.306477 0.140182 0.054110 0.000000 0.054614 0.215780 0.405722 0.396670 0.493082 0.350458 0.457944 0.460199 0.412201 0.380460 0.372230 0.424787 0.602233 0.636274 0.692376 0.999757 0.799644 1.113661 0.911413 0.887806 0.499848 0.583016 0.450464 0.380950 0.314395 0.337405 0.347958 0.333012 0.401758 0.496021 0.600413 0.449539 0.468368 0.402136 0.373389 0.312173 0.337132 0.398953 0.377402 0.386373 0.406080 0.399687 
1.004687 0.555762 0.661330 0.404927 0.422880 0.467325 0.617218 0.513753 0.495508 0.504775 0.501562 0.441096 0.402187 0.570753 0.570783 0.439268 0.337293 0.387116 0.506456 0.304009 0.181908 0.054614 0.000000 0.052082 0.179401 0.167133 0.276568 0.277442 0.512004 0.488098 0.423234 0.404910 0.398815 0.477285 0.691577 0.758583 0.892065 1.173923 1.050492 1.434447 1.238730 1.194634 0.696820 0.734557 0.458584 0.509905 0.420886 0.411151 0.411802 0.415508 0.461470 0.541986 0.649208 0.490328 0.474963 0.479034 0.446590 0.399855 0.404048 0.439870 0.403456 0.430446 0.497375 0.512349 
0.800649 0.609115 0.623354 0.433589 0.380046 0.382388 0.449324 0.343557 0.357116 0.313927 0.304135 0.245686 0.314169 0.488619 0.370742 0.301350 0.275543 0.289126 0.264581 0.212479 0.232429 0.215780 0.052082 0.000000 0.053918 0.162926 0.190895 0.286882 0.579936 0.555381 0.472047 0.468385 0.457348 0.520667 0.757018 0.835708 0.905866 1.048239 0.904219 1.123191 0.986853 0.946817 0.586139 0.614043 0.426743 0.564246 0.477765 0.468045 0.404265 0.406856 0.433396 0.471833 0.612708 0.363982 0.407023 0.393877 0.377564 0.325621 0.351574 0.395136 0.402666 0.459350 0.492557 0.543328 
0.872060 0.579263 0.607423 0.424020 0.381969 0.375158 0.451578 0.377508 0.373796 0.391600 0.422676 0.395013 0.435124 0.613230 0.458029 0.369893 0.375197 0.365440 0.325715 0.339841 0.258979 0.405722 0.179401 0.053918 0.000000 0.048940 0.207089 0.299929 0.542530 0.538240 0.512168 0.491644 0.475139 0.491220 0.656605 0.732975 0.736507 0.810108 0.660200 0.745797 0.729996 0.651605 0.508847 0.525607 0.405972 0.451900 0.416185 0.440124 0.422452 0.410935 0.478662 0.510293 0.673063 0.491785 0.512521 0.523791 0.433259 0.371518 0.364406 0.409018 0.428761 0.441432 0.431398 0.486809 
1.015867 0.814337 0.747569 0.567839 0.490823 0.468058 0.515195 0.425115 0.408877 0.391082 0.424751 0.427386 0.450511 0.609569 0.474076 0.479669 0.414137 0.427520 0.349430 0.397482 0.350177 0.396670 0.167133 0.162926 0.048940 0.000000 0.051771 0.203155 0.308783 0.320656 0.326471 0.306314 0.308176 0.316933 0.543001 0.644806 0.636655 0.666919 0.642627 0.682033 0.797873 0.611641 0.649400 0.590194 0.543784 0.421394 0.370430 0.336781 0.293329 0.296883 0.381875 0.392078 0.718611 0.507994 0.580752 0.542176 0.385950 0.361777 0.387699 0.441561 0.448084 0.544176 0.558098 0.618536 
0.826595 0.721038 0.556675 0.539494 0.621128 0.589894 0.702496 0.667603 0.609530 0.620030 0.660362 0.629863 0.607061 0.645172 0.649836 0.710353 0.625708 0.713170 0.654050 0.676080 0.650906 0.493082 0.276568 0.190895 0.207089 0.051771 0.000000 0.059392 0.253508 0.257747 0.300739 0.291965 0.284523 0.313960 0.548134 0.646355 0.656171 0.663238 0.582119 0.624827 0.692239 0.533569 0.499629 0.441764 0.391789 0.432282 0.363345 0.347153 0.398010 0.375065 0.458235 0.457550 0.866813 0.645190 0.697226 0.643379 0.539678 0.518444 0.504796 0.527746 0.534125 0.484138 0.410212 0.445656 
0.794900 0.627912 0.413881 0.401052 0.402926 0.372121 0.421576 0.394709 0.366732 0.349317 0.386431 0.411253 0.400886 0.527721 0.464287 0.555132 0.453231 0.566640 0.400471 0.388548 0.427885 0.350458 0.277442 0.286882 0.299929 0.203155 0.059392 0.000000 0.051623 0.253579 0.222502 0.295691 0.291385 0.375907 0.605060 0.694677 0.687983 0.554572 0.575515 0.560322 0.725004 0.438299 0.426508 0.249700 0.267792 0.142886 0.175858 0.250797 0.195863 0.217938 0.291384 0.292432 0.807422 0.463932 0.511179 0.456929 0.302832 0.310761 0.305125 0.285111 0.301178 0.302716 0.263612 0.244108 
0.691041 0.565700 0.369324 0.428963 0.438976 0.444902 0.404563 0.375735 0.358684 0.342727 0.369658 0.383909 0.380882 0.482598 0.431730 0.555990 0.451692 0.514230 0.427545 0.409169 0.482283 0.457944 0.512004 0.579936 0.542530 0.308783 0.253508 0.051623 0.000000 0.057075 0.188325 0.209363 0.199620 0.291607 0.466957 0.592063 0.559473 0.548488 0.499443 0.530310 0.700249 0.396982 0.363600 0.331731 0.255096 0.166515 0.180820 0.219771 0.182488 0.194969 0.308165 0.310398 0.799535 0.487918 0.528471 0.467429 0.300138 0.303879 0.293084 0.323297 0.339612 0.297870 0.263869 0.273372 
0.633582 0.517333 0.323921 0.387767 0.384187 0.426415 0.326998 0.331672 0.287359 0.275054 0.302726 0.324627 0.341039 0.510633 0.432144 0.532285 0.526699 0.559617 0.440339 0.403733 0.494049 0.460199 0.488098 0.555381 0.538240 0.320656 0.257747 0.253579 0.057075 0.000000 0.054415 0.181064 0.181768 0.289408 0.441580 0.594886 0.620339 0.573213 0.632650 0.742080 0.892222 0.616934 0.413815 0.387085 0.304553 0.251511 0.234819 0.145579 0.141010 0.195059 0.241316 0.237412 0.876769 0.463437 0.495198 0.466998 0.255855 0.265747 0.265567 0.280093 0.311449 0.298069 0.296668 0.231494 
0.558196 0.458675 0.317888 0.338533 0.335174 0.427495 0.278952 0.304753 0.244346 0.252560 0.271585 0.280677 0.286772 0.422036 0.339242 0.444197 0.482493 0.495136 0.381231 0.352176 0.439317 0.412201 0.423234 0.472047 0.512168 0.326471 0.300739 0.222502 0.188325 0.054415 0.000000 0.053095 0.097647 0.200889 0.314609 0.562748 0.568504 0.589590 0.637012 0.721338 0.854112 0.586726 0.409636 0.432163 0.305809 0.242546 0.218324 0.191314 0.149811 0.159826 0.218723 0.242124 0.896743 0.475036 0.537551 0.490296 0.218978 0.235877 0.245156 0.261057 0.286977 0.292197 0.292610 0.289410 
0.514385 0.420276 0.319736 0.321933 0.323898 0.445945 0.294158 0.324113 0.261047 0.303746 0.278427 0.304039 0.296971 0.398680 0.317071 0.441833 0.478792 0.470785 0.367079 0.344317 0.422239 0.380460 0.404910 0.468385 0.491644 0.306314 0.291965 0.295691 0.209363 0.181064 0.053095 0.000000 0.055819 0.177489 0.302589 0.638899 0.670126 0.652578 0.776327 0.856159 0.935869 0.719277 0.468801 0.516291 0.294005 0.277681 0.229260 0.235655 0.226975 0.238712 0.183041 0.260149 0.931485 0.459589 0.619057 0.504304 0.252043 0.259820 0.322051 0.307226 0.311804 0.340669 0.350774 0.381982 
0.472020 0.433853 0.352659 0.383224 0.364429 0.498113 0.376975 0.392334 0.352482 0.419468 0.387929 0.398160 0.392281 0.479790 0.395698 0.462678 0.491557 0.471624 0.393842 0.342800 0.399342 0.372230 0.398815 0.457348 0.475139 0.308176 0.284523 0.291385 0.199620 0.181768 0.097647 0.055819 0.000000 0.050382 0.178010 0.602629 0.597166 0.642325 0.647916 0.695976 0.755688 0.569161 0.408484 0.467567 0.294236 0.282666 0.241133 0.241287 0.199284 0.214951 0.302400 0.420083 0.948780 0.501835 0.644613 0.511057 0.348253 0.331759 0.366274 0.342974 0.341275 0.382301 0.372231 0.441351 
0.557286 0.551997 0.498265 0.522197 0.485372 0.598275 0.514236 0.467106 0.467442 0.503942 0.458257 0.473332 0.498598 0.521983 0.497754 0.524981 0.543184 0.497176 0.446646 0.412019 0.434544 0.424787 0.477285 0.520667 0.491220 0.316933 0.313960 0.375907 0.291607 0.289408 0.200889 0.177489 0.050382 0.000000 0.056567 0.282518 0.349231 0.655525 0.600366 0.605404 0.631737 0.482938 0.461438 0.494529 0.376166 0.376595 0.342120 0.343907 0.317302 0.341854 0.487015 0.646049 0.814239 0.540609 0.588149 0.495643 0.457692 0.444186 0.455407 0.452919 0.461655 0.497431 0.456199 0.558728 
0.928773 0.895116 0.889107 0.861355 0.766895 0.834449 0.736469 0.633494 0.648771 0.613394 0.543241 0.489669 0.512411 0.533915 0.547552 0.609936 0.613889 0.573502 0.580761 0.605648 0.611051 0.602233 0.691577 0.757018 0.656605 0.543001 0.548134 0.605060 0.466957 0.441580 0.314609 0.302589 0.178010 0.056567 0.000000 0.049680 0.249936 0.420684 0.409966 0.415516 0.466592 0.566831 0.651225 0.745825 0.618197 0.614512 0.615152 0.583262 0.521158 0.479437 0.481328 0.730017 0.913551 0.587299 0.583464 0.514183 0.546878 0.599158 0.677351 0.741639 0.739478 0.836919 0.781396 0.747505 
1.058374 0.986961 0.990814 0.929565 0.781852 0.878824 0.716616 0.622071 0.633400 0.580124 0.530692 0.538666 0.602114 0.658445 0.593330 0.656493 0.691514 0.641989 0.587322 0.623047 0.671156 0.636274 0.758583 0.835708 0.732975 0.644806 0.646355 0.694677 0.592063 0.594886 0.562748 0.638899 0.602629 0.282518 0.049680 0.000000 0.059784 0.227339 0.337060 0.398442 0.473600 0.610242 0.734819 0.765219 0.691269 0.688511 0.682734 0.622917 0.573400 0.482645 0.539024 0.726769 1.112693 0.694241 0.640135 0.542749 0.521798 0.575013 0.733659 0.824200 0.784545 0.921400 0.894760 0.902359 
1.210047 1.165288 1.158090 1.155415 1.023863 1.227240 1.043939 0.854830 0.928079 0.812703 0.684692 0.577183 0.573905 0.607507 0.602623 0.711134 0.657174 0.619080 0.636219 0.638310 0.628534 0.692376 0.892065 0.905866 0.736507 0.636655 0.656171 0.687983 0.559473 0.620339 0.568504 0.670126 0.597166 0.349231 0.249936 0.059784 0.000000 0.049575 0.227019 0.347191 0.412553 0.648897 0.768049 0.791221 0.709949 0.685006 0.637742 0.532207 0.544150 0.495363 0.534940 0.743131 1.060275 0.670908 0.633932 0.616948 0.658403 0.804622 1.034935 1.139779 0.924986 1.057786 0.945462 0.930600 
1.334972 1.391275 1.358482 1.485122 1.442194 1.692129 1.538273 1.334770 1.424631 1.296896 1.166937 0.963689 0.835610 0.808929 0.986499 1.097812 0.868086 0.881384 1.012538 0.926309 0.767029 0.999757 1.173923 1.048239 0.810108 0.666919 0.663238 0.554572 0.548488 0.573213 0.589590 0.652578 0.642325 0.655525 0.420684 0.227339 0.049575 0.000000 0.051363 0.244880 0.247749 0.619789 0.617268 0.775650 0.596056 0.581844 0.688671 0.600836 0.783175 0.816852 0.810963 0.907665 0.956309 0.804045 0.880423 1.018175 1.092883 1.231383 1.482757 1.603964 1.285634 1.294775 0.969671 0.770024 
1.359394 1.309097 1.320589 1.370120 1.237263 1.446243 1.254323 1.031770 1.115647 0.976876 0.840180 0.672577 0.609848 0.624189 0.734940 0.885740 0.646812 0.644566 0.752689 0.697085 0.590297 0.799644 1.050492 0.904219 0.660200 0.642627 0.582119 0.575515 0.499443 0.632650 0.637012 0.776327 0.647916 0.600366 0.409966 0.337060 0.227019 0.051363 0.000000 0.056232 0.204767 0.601286 0.595273 0.726030 0.557661 0.553180 0.512599 0.411219 0.541532 0.629194 0.643353 0.741820 0.984932 0.687372 0.688627 0.777450 0.806358 0.959772 1.197593 1.348028 1.055603 1.181962 0.937206 0.795971 
1.749651 1.764206 1.770220 1.865456 1.686964 1.943006 1.740515 1.408635 1.475073 1.281706 1.120466 0.838586 0.706582 0.724842 0.918032 1.080088 0.765992 0.805145 1.033541 0.947815 0.711347 1.113661 1.434447 1.123191 0.745797 0.682033 0.624827 0.560322 0.530310 0.742080 0.721338 0.856159 0.695976 0.605404 0.415516 0.398442 0.347191 0.244880 0.056232 0.000000 0.052513 0.383479 0.447523 0.582633 0.436645 0.431726 0.543574 0.458018 0.623203 0.708438 0.704072 0.780746 1.006974 0.728881 0.751934 0.926769 1.003280 1.157941 1.455015 1.712655 1.338152 1.518420 1.121061 0.748353 
1.561139 1.455335 1.484463 1.486330 1.282112 1.464012 1.278852 1.045025 1.090063 0.938176 0.829673 0.695824 0.686141 0.759181 0.783551 0.892979 0.744266 0.771893 0.805137 0.774372 0.647597 0.911413 1.238730 0.986853 0.729996 0.797873 0.692239 0.725004 0.700249 0.892222 0.854112 0.935869 0.755688 0.631737 0.466592 0.473600 0.412553 0.247749 0.204767 0.052513 0.000000 0.050217 0.449877 0.499820 0.477915 0.535793 0.531807 0.576020 0.615379 0.692235 0.695786 0.736802 1.136360 0.792422 0.749805 0.791485 0.798527 0.904561 1.117417 1.288578 1.023718 1.222153 1.000772 0.672497 
1.452310 1.318529 1.316466 1.215999 1.033210 1.106542 0.979649 0.794255 0.779744 0.667278 0.612050 0.479174 0.438682 0.537715 0.643860 0.754910 0.554892 0.626439 0.717993 0.694400 0.588359 0.887806 1.194634 0.946817 0.651605 0.611641 0.533569 0.438299 0.396982 0.616934 0.586726 0.719277 0.569161 0.482938 0.566831 0.610242 0.648897 0.619789 0.601286 0.383479 0.050217 0.000000 0.058211 0.442415 0.258733 0.341815 0.311291 0.377607 0.368035 0.466097 0.464694 0.505407 0.950853 0.570631 0.559300 0.573093 0.538815 0.588542 0.728785 0.878933 0.731384 0.935407 0.835561 0.394088 
1.057715 0.832301 0.703918 0.634752 0.537042 0.580773 0.486951 0.426467 0.460984 0.412605 0.362113 0.347970 0.358417 0.484059 0.469516 0.565223 0.440462 0.519937 0.427668 0.423461 0.482912 0.499848 0.696820 0.586139 0.508847 0.649400 0.499629 0.426508 0.363600 0.413815 0.409636 0.468801 0.408484 0.461438 0.651225 0.734819 0.768049 0.617268 0.595273 0.447523 0.449877 0.058211 0.000000 0.054241 0.239225 0.326084 0.298921 0.310587 0.309800 0.409690 0.406139 0.435113 0.861485 0.499898 0.518447 0.492182 0.405055 0.441491 0.513653 0.508851 0.432434 0.507425 0.518680 0.236800 
1.187815 0.996063 0.725176 0.667460 0.644958 0.638014 0.591276 0.538624 0.524023 0.508854 0.490309 0.429663 0.421058 0.523335 0.545761 0.601947 0.460137 0.512171 0.519267 0.504264 0.504245 0.583016 0.734557 0.614043 0.525607 0.590194 0.441764 0.249700 0.331731 0.387085 0.432163 0.516291 0.467567 0.494529 0.745825 0.765219 0.791221 0.775650 0.726030 0.582633 0.499820 0.442415 0.054241 0.000000 0.051054 0.303141 0.439842 0.446742 0.455920 0.497853 0.489440 0.511822 0.881071 0.527809 0.529305 0.563550 0.516202 0.504069 0.521968 0.551495 0.533209 0.544809 0.539105 0.654297 
0.992645 0.809121 0.521251 0.502627 0.529836 0.508788 0.538258 0.516285 0.462435 0.462784 0.501717 0.485579 0.474478 0.541350 0.535413 0.627552 0.471501 0.563639 0.509680 0.522321 0.524081 0.450464 0.458584 0.426743 0.405972 0.543784 0.391789 0.267792 0.255096 0.304553 0.305809 0.294005 0.294236 0.376166 0.618197 0.691269 0.709949 0.596056 0.557661 0.436645 0.477915 0.258733 0.239225 0.051054 0.000000 0.052197 0.249967 0.244129 0.302440 0.322544 0.372825 0.350644 0.760027 0.493152 0.585856 0.543418 0.420236 0.428998 0.412974 0.405525 0.411320 0.396133 0.359030 0.338665 
0.710607 0.549027 0.300873 0.299685 0.286049 0.289282 0.275810 0.309614 0.312934 0.304248 0.298353 0.342674 0.342160 0.455953 0.407109 0.512899 0.394823 0.490504 0.346423 0.351045 0.401812 0.380950 0.509905 0.564246 0.451900 0.421394 0.432282 0.142886 0.166515 0.251511 0.242546 0.277681 0.282666 0.376595 0.614512 0.688511 0.685006 0.581844 0.553180 0.431726 0.535793 0.341815 0.326084 0.303141 0.052197 0.000000 0.055484 0.191796 0.185907 0.257422 0.297193 0.283896 0.746508 0.406112 0.507406 0.459596 0.308765 0.316214 0.320982 0.253323 0.244923 0.206392 0.157994 0.229951 
0.568588 0.466357 0.307895 0.335692 0.318629 0.326681 0.282284 0.312860 0.304393 0.297463 0.288205 0.330230 0.334700 0.410173 0.369468 0.492436 0.367078 0.385351 0.312475 0.307932 0.362676 0.314395 0.420886 0.477765 0.416185 0.370430 0.363345 0.175858 0.180820 0.234819 0.218324 0.229260 0.241133 0.342120 0.615152 0.682734 0.637742 0.688671 0.512599 0.543574 0.531807 0.311291 0.298921 0.439842 0.249967 0.055484 0.000000 0.054329 0.186141 0.232782 0.304176 0.283725 0.690115 0.402677 0.498976 0.446268 0.303533 0.283752 0.269894 0.250217 0.255905 0.242777 0.215932 0.227882 
0.503012 0.414015 0.267167 0.357307 0.363286 0.413507 0.306622 0.321512 0.292885 0.274425 0.258886 0.288218 0.291302 0.390188 0.357432 0.504846 0.448966 0.414086 0.344911 0.331560 0.389225 0.337405 0.411151 0.468045 0.440124 0.336781 0.347153 0.250797 0.219771 0.145579 0.191314 0.235655 0.241287 0.343907 0.583262 0.622917 0.532207 0.600836 0.411219 0.458018 0.576020 0.377607 0.310587 0.446742 0.244129 0.191796 0.054329 0.000000 0.051791 0.219902 0.248799 0.249690 0.716831 0.346496 0.453019 0.411668 0.259870 0.274686 0.281154 0.311187 0.336155 0.269648 0.226311 0.290520 
0.443627 0.393369 0.283581 0.336677 0.336527 0.433333 0.272493 0.295633 0.239354 0.249681 0.249720 0.303509 0.315667 0.370326 0.360004 0.491784 0.475135 0.415734 0.367029 0.332912 0.371046 0.347958 0.411802 0.404265 0.422452 0.293329 0.398010 0.195863 0.182488 0.141010 0.149811 0.226975 0.199284 0.317302 0.521158 0.573400 0.544150 0.783175 0.541532 0.623203 0.615379 0.368035 0.309800 0.455920 0.302440 0.185907 0.186141 0.051791 0.000000 0.057126 0.209463 0.211466 0.622780 0.310627 0.414152 0.400334 0.230067 0.214752 0.196876 0.234714 0.272944 0.283962 0.282990 0.337516 
0.406844 0.393040 0.321158 0.329714 0.317846 0.450714 0.291605 0.318357 0.224317 0.261033 0.250679 0.312618 0.353082 0.365847 0.361823 0.461089 0.453090 0.399550 0.367090 0.325046 0.349934 0.333012 0.415508 0.406856 0.410935 0.296883 0.375065 0.217938 0.194969 0.195059 0.159826 0.238712 0.214951 0.341854 0.479437 0.482645 0.495363 0.816852 0.629194 0.708438 0.692235 0.466097 0.409690 0.497853 0.322544 0.257422 0.232782 0.219902 0.057126 0.000000 0.054049 0.128029 0.598816 0.289603 0.432687 0.356917 0.195183 0.208017 0.272294 0.279613 0.301192 0.322389 0.322612 0.470198 
0.442695 0.440029 0.356992 0.369182 0.403264 0.530272 0.424369 0.465024 0.389452 0.399936 0.392995 0.378241 0.255396 0.298350 0.321607 0.403389 0.415565 0.393958 0.413830 0.383000 0.389524 0.401758 0.461470 0.433396 0.478662 0.381875 0.458235 0.291384 0.308165 0.241316 0.218723 0.183041 0.302400 0.487015 0.481328 0.539024 0.534940 0.810963 0.643353 0.704072 0.695786 0.464694 0.406139 0.489440 0.372825 0.297193 0.304176 0.248799 0.209463 0.054049 0.000000 0.052358 0.526093 0.264472 0.469039 0.456027 0.404329 0.287538 0.334534 0.332703 0.329128 0.333416 0.337576 0.464291 
0.463369 0.484749 0.396325 0.433285 0.495579 0.608416 0.630383 0.651683 0.643911 0.757281 0.680831 0.578184 0.331291 0.419207 0.486393 0.486960 0.451295 0.456285 0.530324 0.463406 0.441502 0.496021 0.541986 0.471833 0.510293 0.392078 0.457550 0.292432 0.310398 0.237412 0.242124 0.260149 0.420083 0.646049 0.730017 0.726769 0.743131 0.907665 0.741820 0.780746 0.736802 0.505407 0.435113 0.511822 0.350644 0.283896 0.283725 0.249690 0.211466 0.128029 0.052358 0.000000 0.056164 0.160365 0.429437 0.674337 0.605426 0.492752 0.440991 0.450030 0.383963 0.369771 0.349764 0.480917 
0.502914 0.493741 0.458854 0.448959 0.461923 0.591066 0.555638 0.507425 0.556054 0.684380 0.512144 0.430238 0.537749 0.676517 0.461136 0.436976 0.629544 0.530201 0.509476 0.564160 0.604169 0.600413 0.649208 0.612708 0.673063 0.718611 0.866813 0.807422 0.799535 0.876769 0.896743 0.931485 0.948780 0.814239 0.913551 1.112693 1.060275 0.956309 0.984932 1.006974 1.136360 0.950853 0.861485 0.881071 0.760027 0.746508 0.690115 0.716831 0.622780 0.598816 0.526093 0.056164 0.000000 0.055822 0.241427 0.420569 0.457949 0.450893 0.452592 0.438824 0.456239 0.523975 0.604639 0.702139 
0.478070 0.412121 0.303617 0.331363 0.372371 0.559339 0.428207 0.373478 0.371734 0.421813 0.351270 0.365922 0.313341 0.499862 0.405240 0.330230 0.418243 0.431762 0.382037 0.359608 0.406864 0.449539 0.490328 0.363982 0.491785 0.507994 0.645190 0.463932 0.487918 0.463437 0.475036 0.459589 0.501835 0.540609 0.587299 0.694241 0.670908 0.804045 0.687372 0.728881 0.792422 0.570631 0.499898 0.527809 0.493152 0.406112 0.402677 0.346496 0.310627 0.289603 0.264472 0.160365 0.055822 0.000000 0.057012 0.234635 0.328034 0.422374 0.380396 0.336901 0.284973 0.298266 0.347866 0.468812 
0.600090 0.467755 0.403275 0.375277 0.379197 0.563817 0.441671 0.414986 0.353360 0.420241 0.378956 0.463431 0.304929 0.543297 0.517540 0.365857 0.412663 0.433693 0.425919 0.384328 0.417782 0.468368 0.474963 0.407023 0.512521 0.580752 0.697226 0.511179 0.528471 0.495198 0.537551 0.619057 0.644613 0.588149 0.583464 0.640135 0.633932 0.880423 0.688627 0.751934 0.749805 0.559300 0.518447 0.529305 0.585856 0.507406 0.498976 0.453019 0.414152 0.432687 0.469039 0.429437 0.241427 0.057012 0.000000 0.057572 0.291693 0.343822 0.315402 0.327566 0.340539 0.379763 0.451047 0.555611 
0.566197 0.488027 0.376223 0.328832 0.336367 0.520617 0.358901 0.302129 0.282055 0.413387 0.246377 0.270751 0.397348 0.369643 0.345650 0.363553 0.490056 0.488006 0.349786 0.353676 0.445104 0.402136 0.479034 0.393877 0.523791 0.542176 0.643379 0.456929 0.467429 0.466998 0.490296 0.504304 0.511057 0.495643 0.514183 0.542749 0.616948 1.018175 0.777450 0.926769 0.791485 0.573093 0.492182 0.563550 0.543418 0.459596 0.446268 0.411668 0.400334 0.356917 0.456027 0.674337 0.420569 0.234635 0.057572 0.000000 0.054827 0.200823 0.193599 0.227762 0.289970 0.307239 0.385026 0.532046 
0.512524 0.475497 0.359601 0.338274 0.333289 0.499917 0.253314 0.239196 0.198438 0.213168 0.164406 0.259940 0.287169 0.290079 0.372222 0.396588 0.459027 0.415708 0.353055 0.346253 0.380359 0.373389 0.446590 0.377564 0.433259 0.385950 0.539678 0.302832 0.300138 0.255855 0.218978 0.252043 0.348253 0.457692 0.546878 0.521798 0.658403 1.092883 0.806358 1.003280 0.798527 0.538815 0.405055 0.516202 0.420236 0.308765 0.303533 0.259870 0.230067 0.195183 0.404329 0.605426 0.457949 0.328034 0.291693 0.054827 0.000000 0.054237 0.155633 0.241248 0.280251 0.285578 0.315660 0.448658 
0.411990 0.403308 0.263909 0.276897 0.258830 0.451839 0.335281 0.298330 0.286224 0.251742 0.224884 0.263457 0.330610 0.317578 0.362796 0.363538 0.438317 0.366479 0.306630 0.282719 0.306799 0.312173 0.399855 0.325621 0.371518 0.361777 0.518444 0.310761 0.303879 0.265747 0.235877 0.259820 0.331759 0.444186 0.599158 0.575013 0.804622 1.231383 0.959772 1.157941 0.904561 0.588542 0.441491 0.504069 0.428998 0.316214 0.283752 0.274686 0.214752 0.208017 0.287538 0.492752 0.450893 0.422374 0.343822 0.200823 0.054237 0.000000 0.053083 0.154583 0.208315 0.238559 0.251919 0.486139 
0.333461 0.341220 0.221984 0.236742 0.222662 0.372249 0.303815 0.339494 0.252133 0.292293 0.264907 0.293053 0.338164 0.346326 0.436669 0.417824 0.456616 0.355759 0.351388 0.317015 0.323803 0.337132 0.404048 0.351574 0.364406 0.387699 0.504796 0.305125 0.293084 0.265567 0.245156 0.322051 0.366274 0.455407 0.677351 0.733659 1.034935 1.482757 1.197593 1.455015 1.117417 0.728785 0.513653 0.521968 0.412974 0.320982 0.269894 0.281154 0.196876 0.272294 0.334534 0.440991 0.452592 0.380396 0.315402 0.193599 0.155633 0.053083 0.000000 0.053829 0.151815 0.207056 0.224943 0.520926 
0.359190 0.368093 0.225596 0.244816 0.244410 0.289351 0.291406 0.365928 0.198986 0.214035 0.243187 0.298320 0.342729 0.403968 0.520267 0.487206 0.505110 0.394160 0.407845 0.370083 0.371224 0.398953 0.439870 0.395136 0.409018 0.441561 0.527746 0.285111 0.323297 0.280093 0.261057 0.307226 0.342974 0.452919 0.741639 0.824200 1.139779 1.603964 1.348028 1.712655 1.288578 0.878933 0.508851 0.551495 0.405525 0.253323 0.250217 0.311187 0.234714 0.279613 0.332703 0.450030 0.438824 0.336901 0.327566 0.227762 0.241248 0.154583 0.053829 0.000000 0.048512 0.176310 0.169057 0.418869 
0.308400 0.285517 0.162035 0.154826 0.184612 0.299889 0.229224 0.295572 0.245603 0.252630 0.253860 0.284437 0.321415 0.412750 0.504087 0.524131 0.506054 0.404554 0.413178 0.386933 0.396949 0.377402 0.403456 0.402666 0.428761 0.448084 0.534125 0.301178 0.339612 0.311449 0.286977 0.311804 0.341275 0.461655 0.739478 0.784545 0.924986 1.285634 1.055603 1.338152 1.023718 0.731384 0.432434 0.533209 0.411320 0.244923 0.255905 0.336155 0.272944 0.301192 0.329128 0.383963 0.456239 0.284973 0.340539 0.289970 0.280251 0.208315 0.151815 0.048512 0.000000 0.053734 0.109604 0.347968 
0.275630 0.199779 0.136017 0.166971 0.200023 0.248892 0.219661 0.272340 0.261681 0.263180 0.247785 0.283795 0.306042 0.402407 0.474526 0.492645 0.421073 0.353541 0.385847 0.363627 0.400009 0.386373 0.430446 0.459350 0.441432 0.544176 0.484138 0.302716 0.297870 0.298069 0.292197 0.340669 0.382301 0.497431 0.836919 0.921400 1.057786 1.294775 1.181962 1.518420 1.222153 0.935407 0.507425 0.544809 0.396133 0.206392 0.242777 0.269648 0.283962 0.322389 0.333416 0.369771 0.523975 0.298266 0.379763 0.307239 0.285578 0.238559 0.207056 0.176310 0.053734 0.000000 0.058839 0.273894 
0.482897 0.360088 0.205016 0.191741 0.180907 0.221397 0.205422 0.266137 0.271356 0.270065 0.288880 0.307335 0.333223 0.457807 0.468854 0.518290 0.408897 0.403425 0.364868 0.345076 0.380005 0.406080 0.497375 0.492557 0.431398 0.558098 0.410212 0.263612 0.263869 0.296668 0.292610 0.350774 0.372231 0.456199 0.781396 0.894760 0.945462 0.969671 0.937206 1.121061 1.000772 0.835561 0.518680 0.539105 0.359030 0.157994 0.215932 0.226311 0.282990 0.322612 0.337576 0.349764 0.604639 0.347866 0.451047 0.385026 0.315660 0.251919 0.224943 0.169057 0.109604 0.058839 0.000000 0.052641 
0.617386 0.405354 0.261549 0.256488 0.275014 0.363189 0.328200 0.399531 0.435986 0.431056 0.366741 0.397249 0.387196 0.478758 0.480722 0.578163 0.441284 0.446362 0.383189 0.361081 0.393065 0.399687 0.512349 0.543328 0.486809 0.618536 0.445656 0.244108 0.273372 0.231494 0.289410 0.381982 0.441351 0.558728 0.747505 0.902359 0.930600 0.770024 0.795971 0.748353 0.672497 0.394088 0.236800 0.654297 0.338665 0.229951 0.227882 0.290520 0.337516 0.470198 0.464291 0.480917 0.702139 0.468812 0.555611 0.532046 0.448658 0.486139 0.520926 0.418869 0.347968 0.273894 0.052641 0.000000 
